n=52
median=-0.2366758385109664
ci_2.5=-0.26392293766080066
ci_97.5=-0.19633248856625926
